\n
\n
\n
\n
\n
\n
\n
\n
\n
\n
0 1 40 200 1580 0.000025 14227193644112074KB success
0 2 40 200 1580 0.000043 16761198543032774KB success
0 3 40 200 1580 0.000051 2515446661167332KB success
0 4 40 200 1580 0.000048 7774753002698517KB success
0 5 40 200 1580 0.000068 8567355448860800KB success
0 6 40 200 1580 0.000075 17673676613244101KB success
0 7 40 200 1580 0.000094 10652117511504068KB success
0 8 40 200 1580 0.000095 6582042608346410KB success
0 9 40 200 1580 0.002425 15739501653568569KB success
0 10 40 200 1580 0.002447 14327876218938920KB success
0 11 40 200 1580 0.000160 8753500246499140KB success
0 12 40 200 1580 0.002506 11147227152928663KB success
0 13 40 200 1580 0.003981 13606789270523643KB success
0 14 40 200 1580 0.000358 11068118294196930KB success
0 15 40 200 1580 0.004674 11769586161951033KB success
0 16 40 200 1580 0.000352 6205008800331296KB success
0 17 40 200 1580 0.002828 10347058546220553KB success
0 18 40 200 1580 0.003230 320387583156992KB success
0 19 40 200 1580 0.000362 10791074198820841KB success
0 20 40 200 1580 0.003201 15424188364903222KB success
0 21 40 200 1580 0.003483 9780558158090611KB success
0 22 40 200 1580 0.000920 3907641148369973KB success
0 23 40 200 1580 0.002088 17049041492245863KB success
0 24 40 200 1580 0.002111 12417515815113513KB success
0 25 40 200 1580 0.003445 9629845980761079KB success
0 26 40 200 1580 0.001012 10101931748648515KB success
0 27 40 200 1580 0.003258 16724037176156778KB success
0 28 40 200 1580 0.001609 4985433182140228KB success
0 29 40 200 1580 0.002789 10802381554293646KB success
0 30 40 200 1580 0.002798 1546196782085461KB success
0 31 40 200 1580 0.004056 1998251693913110KB success
0 32 40 200 1580 0.001465 12894579647002185KB success
0 33 40 200 1580 0.001014 2404242691057599KB success
0 34 40 200 1580 0.003619 15919929208051483KB success
0 35 40 200 1580 0.003935 4668629749641374KB success
0 36 40 200 1580 0.001967 7318319436941567KB success
0 37 40 200 1580 0.001448 4146815686447766KB success
0 38 40 200 1580 0.000378 7865736444410651KB success
0 39 40 200 1580 0.004054 2782916119443618KB success
0 40 40 200 1580 0.000106 16065272861242469KB success
0 41 40 200 1580 0.002490 11483648752389410KB success
0 42 40 200 1580 0.001144 697208031860985KB success
0 43 40 200 1580 0.002616 6813803331619929KB success
0 44 40 200 1580 0.000381 16055708319455199KB success
0 45 40 200 1580 0.004525 4328813716985554KB success
0 46 40 200 1580 0.001914 27034381193271KB success
0 47 40 200 1580 0.002577 13253577117045845KB success
0 48 40 200 1580 0.001156 696288293018341KB success
0 49 40 200 1580 0.005762 17157190471502946KB success
0 50 40 200 1580 0.000850 2597772971199741KB success
0 51 40 200 1580 0.001952 5265566352652041KB success
0 52 40 200 1580 0.001408 5771827671949877KB success
0 53 40 200 1580 0.001918 4275851292276421KB success
0 54 40 200 1580 0.002767 11841684600864162KB success
0 55 40 200 1580 0.000706 13956071047190118KB success
\n
\n
\n
\n
\n
\n
\n
\n
\n
\n
\n
\n
\n
\n
\n
\n
\n
\n
\n
17 183 40 200 1580 0.011710 success
\n
17 183 40 200 1580 0.003375 success
\n
17 183 40 200 1580 0.028134 success
17 183 40 200 1580 0.031468 success
17 183 40 200 1580 0.029686 success
17 183 40 200 1580 0.031401 success
17 183 40 200 1580 0.029819 success
17 183 40 200 1580 0.031842 success
42 158 40 200 1580 0.010292 success
\n
\n
3 103 40 200 1580 0.215133 success
0 100 40 200 1580 0.272216 success
6 106 40 200 1580 0.306938 success
1 101 40 200 1580 0.333347 success
4 104 40 200 1580 0.333969 success
7 107 40 200 1580 0.324466 success
9 109 40 200 1580 0.259485 success
5 105 40 200 1580 0.378220 success
2 102 40 200 1580 0.383465 success
\n
3 103 40 200 1580 0.209865 success
0 100 40 200 1580 0.279584 success
6 106 40 200 1580 0.305337 success
5 105 40 200 1580 0.333844 success
1 101 40 200 1580 0.336497 success
9 109 40 200 1580 0.273708 success
7 107 40 200 1580 0.230594 success
2 102 40 200 1580 0.405152 success
4 104 40 200 1580 0.399891 success
\n
\n
\n
\n
0 100 40 200 1580 0.283381 success
7 107 40 200 1580 0.312744 success
3 103 40 200 1580 0.311164 success
6 106 40 200 1580 0.312406 success
4 104 40 200 1580 0.344227 success
1 101 40 200 1580 0.345684 success
2 102 40 200 1580 0.356946 success
9 109 40 200 1580 0.383048 success
5 105 40 200 1580 0.377720 success
\n
\n
\n
\n
3 103 40 200 1580 0.223570 success
9 109 40 200 1580 0.279620 success
0 100 40 200 1580 0.290213 success
6 106 40 200 1580 0.312190 success
4 104 40 200 1580 0.347314 success
1 101 40 200 1580 0.338537 success
2 102 40 200 1580 0.342372 success
7 107 40 200 1580 0.176993 success
5 105 40 200 1580 0.378775 success
\n
\n
3 103 40 200 1580 0.146193 success
7 107 40 200 1580 0.237072 success
4 104 40 200 1580 0.249438 success
5 105 40 200 1580 0.261304 success
9 109 40 200 1580 0.200148 success
2 102 40 200 1580 0.279097 success
\n
\n
\n
10 110 40 200 1580 0.073998 success
17 117 40 200 1580 0.238319 success
16 116 40 200 1580 0.307824 success
15 115 40 200 1580 0.382030 success
14 114 40 200 1580 0.440523 success
18 118 40 200 1580 0.436672 success
3 103 40 200 1580 0.606001 success
13 113 40 200 1580 0.671095 success
0 100 40 200 1580 0.730165 success
9 109 40 200 1580 0.730282 success
7 107 40 200 1580 0.741023 success
6 106 40 200 1580 0.779085 success
5 105 40 200 1580 0.806082 success
2 102 40 200 1580 0.817735 success
4 104 40 200 1580 0.830328 success
12 112 40 200 1580 0.807021 success
1 101 40 200 1580 0.848190 success
\n
10 110 40 200 1580 0.093477 success
17 117 40 200 1580 0.266606 success
16 116 40 200 1580 0.348924 success
14 114 40 200 1580 0.421130 success
15 115 40 200 1580 0.437425 success
18 118 40 200 1580 0.444749 success
3 103 40 200 1580 0.638056 success
13 113 40 200 1580 0.650825 success
9 109 40 200 1580 0.692887 success
7 107 40 200 1580 0.734113 success
6 106 40 200 1580 0.738832 success
4 104 40 200 1580 0.792398 success
12 112 40 200 1580 0.801644 success
5 105 40 200 1580 0.824998 success
2 102 40 200 1580 0.842421 success
1 101 40 200 1580 0.837525 success
\n
\n
\n
\n
\n
15 115 40 200 1580 0.179250 success
5 105 40 200 1580 0.199926 success
16 116 40 200 1580 0.210944 success
1 101 40 200 1580 0.273057 success
2 102 40 200 1580 0.292960 success
4 104 40 200 1580 0.332318 success
0 100 40 200 1580 0.365478 success
19 119 40 200 1580 0.473748 success
7 107 40 200 1580 0.518751 success
3 103 40 200 1580 0.569968 success
9 109 40 200 1580 0.595140 success
13 113 40 200 1580 0.604273 success
14 114 40 200 1580 0.611155 success
17 117 40 200 1580 0.644434 success
6 106 40 200 1580 0.693957 success
8 108 40 200 1580 0.694404 success
18 118 40 200 1580 0.698840 success
\n
\n
\n
\n
\n
0 100 40 200 1580 0.027131 success
1 101 40 200 1580 0.013123 success
2 102 40 200 1580 0.004684 success
3 103 40 200 1580 0.011768 success
4 104 40 200 1580 0.007427 success
5 105 40 200 1580 0.014149 success
6 106 40 200 1580 0.024837 success
7 107 40 200 1580 0.008869 success
8 108 40 200 1580 0.023869 success
9 109 40 200 1580 0.031185 success
10 110 40 200 1580 0.003470 success
11 111 40 200 1580 0.008913 success
12 112 40 200 1580 0.035776 success
13 113 40 200 1580 0.019029 success
14 114 40 200 1580 0.011291 success
15 115 40 200 1580 0.043217 success
16 116 40 200 1580 0.024302 success
17 117 40 200 1580 0.005919 success
18 118 40 200 1580 0.030412 success
19 119 40 200 1580 0.021895 success
\n
\n
11 111 40 200 1580 0.177422 success
2 102 40 200 1580 0.725453 success
18 118 40 200 1580 1.858900 success
7 107 40 200 1580 5.514264 success
1 101 40 200 1580 6.227506 success
4 104 40 200 1580 6.543497 success
5 105 40 200 1580 6.752297 success
6 106 40 200 1580 7.414065 success
13 113 40 200 1580 6.545846 success
14 114 40 200 1580 6.821384 success
17 117 40 200 1580 3.408579 success
10 110 40 200 1580 9.728434 success
15 115 40 200 1580 8.872621 success
3 103 40 200 1580 11.062267 success
12 112 40 200 1580 9.799656 success
16 116 40 200 1580 9.890211 success
8 108 40 200 1580 12.803765 success
0 100 40 200 1580 12.924616 success
9 109 40 200 1580 12.457355 success
19 119 40 200 1580 9.375100 success
\n
2 102 40 200 1580 1.009382 success
1 101 40 200 1580 0.347062 success
7 107 40 200 1580 0.398565 success
6 106 40 200 1580 3.717429 success
5 105 40 200 1580 0.582186 success
0 100 40 200 1580 3.823360 success
15 115 40 200 1580 1.636889 success
3 103 40 200 1580 2.943979 success
4 104 40 200 1580 2.022142 success
13 113 40 200 1580 4.134594 success
8 108 40 200 1580 5.796227 success
12 112 40 200 1580 4.623370 success
9 109 40 200 1580 3.938861 success
10 110 40 200 1580 5.111181 success
11 111 40 200 1580 2.862354 success
14 114 40 200 1580 5.980801 success
17 117 40 200 1580 3.453806 success
16 116 40 200 1580 5.484291 success
19 119 40 200 1580 3.549543 success
18 118 40 200 1580 4.216206 success
\n
2 102 40 200 1580 1.006167 success
1 101 40 200 1580 0.881737 success
0 100 40 200 1580 0.828727 success
7 107 40 200 1580 1.648459 success
3 103 40 200 1580 0.708963 success
5 105 40 200 1580 0.774489 success
4 104 40 200 1580 1.173871 success
8 108 40 200 1580 0.818114 success
6 106 40 200 1580 1.382074 success
\n
1 101 40 200 1580 0.968471 success
2 102 40 200 1580 0.154221 success
\n
0 100 40 200 1580 0.801936 success
1 101 40 200 1580 1.155081 success
8 108 40 200 1580 2.730512 success
3 103 40 200 1580 2.833571 success
7 107 40 200 1580 3.498563 success
5 105 40 200 1580 0.254479 success
2 102 40 200 1580 5.014767 success
17 117 40 200 1580 0.107635 success
12 112 40 200 1580 0.914323 success
9 109 40 200 1580 1.871340 success
4 104 40 200 1580 2.107927 success
11 111 40 200 1580 0.249987 success
14 114 40 200 1580 0.863747 success
13 113 40 200 1580 1.640202 success
18 118 40 200 1580 0.372847 success
10 110 40 200 1580 0.571445 success
15 115 40 200 1580 0.854184 success
6 106 40 200 1580 4.878971 success
21 121 40 200 1580 0.621045 success
22 122 40 200 1580 0.445382 success
\n
4 104 40 200 1580 1.595486 success
5 105 40 200 1580 1.026851 success
1 101 40 200 1580 0.864573 success
3 103 40 200 1580 0.854435 success
7 107 40 200 1580 0.624025 success
6 106 40 200 1580 2.033212 success
0 100 40 200 1580 1.303474 success
2 102 40 200 1580 2.178865 success
16 116 40 200 1580 0.979498 success
9 109 40 200 1580 3.302571 success
11 111 40 200 1580 2.039562 success
18 118 40 200 1580 1.812259 success
10 110 40 200 1580 2.898159 success
8 108 40 200 1580 3.363017 success
14 114 40 200 1580 4.559644 success
12 112 40 200 1580 6.128425 success
13 113 40 200 1580 6.745171 success
17 117 40 200 1580 6.867476 success
15 115 40 200 1580 7.603551 success
19 119 40 200 1580 3.579406 success
\n
1 101 40 200 1580 0.507974 success
2 102 40 200 1580 0.227210 success
10 110 40 200 1580 0.948649 success
11 111 40 200 1580 4.446091 success
9 109 40 200 1580 4.912232 success
16 116 40 200 1580 4.085244 success
3 103 40 200 1580 8.069527 success
14 114 40 200 1580 5.387745 success
7 107 40 200 1580 9.112274 success
5 105 40 200 1580 9.810439 success
12 112 40 200 1580 8.957008 success
6 106 40 200 1580 11.133067 success
4 104 40 200 1580 12.681477 success
19 119 40 200 1580 7.041239 success
17 117 40 200 1580 12.570925 success
8 108 40 200 1580 14.408126 success
15 115 40 200 1580 12.439008 success
18 118 40 200 1580 11.075191 success
13 113 40 200 1580 14.438471 success
0 100 40 200 1580 17.928077 success
\n
5 105 40 200 1580 2.920912 success
4 104 40 200 1580 2.392912 success
13 113 40 200 1580 3.061479 success
14 114 40 200 1580 3.457267 success
9 109 40 200 1580 5.125574 success
2 102 40 200 1580 5.723373 success
10 110 40 200 1580 6.601191 success
1 101 40 200 1580 8.189495 success
7 107 40 200 1580 8.454043 success
0 100 40 200 1580 9.355200 success
12 112 40 200 1580 9.088450 success
11 111 40 200 1580 10.737270 success
6 106 40 200 1580 11.929304 success
18 118 40 200 1580 6.389066 success
16 116 40 200 1580 7.635890 success
3 103 40 200 1580 13.321795 success
17 117 40 200 1580 9.575761 success
15 115 40 200 1580 8.712163 success
19 119 40 200 1580 7.651090 success
8 108 40 200 1580 13.684402 success
\n
2 102 40 200 1580 1.113628 success
11 111 40 200 1580 2.785749 success
9 109 40 200 1580 8.757961 success
8 108 40 200 1580 15.312055 success
14 114 40 200 1580 14.989208 success
4 104 40 200 1580 17.495553 success
5 105 40 200 1580 16.905228 success
13 113 40 200 1580 15.861652 success
7 107 40 200 1580 16.934844 success
6 106 40 200 1580 18.766308 success
19 119 40 200 1580 14.838728 success
10 110 40 200 1580 17.775857 success
16 116 40 200 1580 16.206375 success
20 120 40 200 1580 15.412030 success
0 100 40 200 1580 20.036732 success
12 112 40 200 1580 18.836106 success
3 103 40 200 1580 21.769311 success
24 124 40 200 1580 16.307712 success
22 122 40 200 1580 17.198640 success
17 117 40 200 1580 18.312865 success
1 101 40 200 1580 22.259528 success
15 115 40 200 1580 20.506719 success
21 121 40 200 1580 17.309249 success
\n
0 100 40 200 1580 0.786825 success
1 101 40 200 1580 0.432733 success
2 102 40 200 1580 0.152653 success
3 103 40 200 1580 0.375070 success
4 104 40 200 1580 0.248496 success
5 105 40 200 1580 0.507350 success
6 106 40 200 1580 0.831855 success
7 107 40 200 1580 0.294509 success
8 108 40 200 1580 0.836267 success
9 109 40 200 1580 1.032419 success
10 110 40 200 1580 0.101440 success
11 111 40 200 1580 0.271107 success
12 112 40 200 1580 1.037770 success
13 113 40 200 1580 0.615260 success
14 114 40 200 1580 0.324490 success
15 115 40 200 1580 1.376218 success
16 116 40 200 1580 0.799025 success
17 117 40 200 1580 0.179871 success
18 118 40 200 1580 1.003918 success
19 119 40 200 1580 0.733816 success
20 120 40 200 1580 0.463139 success
21 121 40 200 1580 0.876369 success
22 122 40 200 1580 0.433529 success
24 124 40 200 1580 1.046322 success
\n
0 100 20 200 1580 0.797412 success
1 101 20 200 1580 0.431679 success
2 102 20 200 1580 0.171775 success
3 103 20 200 1580 0.400848 success
4 104 20 200 1580 0.254443 success
5 105 20 200 1580 0.511427 success
6 106 20 200 1580 0.829500 success
7 107 20 200 1580 0.287299 success
8 108 20 200 1580 0.835993 success
9 109 20 200 1580 1.036528 success
10 110 20 200 1580 0.107009 success
11 111 20 200 1580 0.276343 success
12 112 20 200 1580 1.039140 success
13 113 20 200 1580 0.595189 success
14 114 20 200 1580 0.323857 success
15 115 20 200 1580 1.320984 success
16 116 20 200 1580 0.794110 success
17 117 20 200 1580 0.170066 success
18 118 20 200 1580 0.963637 success
19 119 20 200 1580 0.703493 success
20 120 20 200 1580 0.459695 success
21 121 20 200 1580 0.397507 success
22 122 20 200 1580 0.119022 success
24 124 20 200 1580 0.085850 success
\n
\n
2 102 20 200 1580 0.366048 success
5 105 20 200 1580 2.822378 success
11 111 20 200 1580 5.617593 success
9 109 20 200 1580 6.037368 success
14 114 20 200 1580 5.009488 success
1 101 20 200 1580 6.793911 success
6 106 20 200 1580 8.124261 success
0 100 20 200 1580 8.184969 success
4 104 20 200 1580 8.813234 success
13 113 20 200 1580 7.174202 success
16 116 20 200 1580 7.760733 success
8 108 20 200 1580 9.687706 success
3 103 20 200 1580 9.756836 success
12 112 20 200 1580 9.079197 success
15 115 20 200 1580 10.320736 success
7 107 20 200 1580 12.173659 success
19 119 20 200 1580 10.632658 success
10 110 20 200 1580 11.479101 success
18 118 20 200 1580 11.186553 success
17 117 20 200 1580 11.881716 success
\n
11 111 20 200 1580 1.605068 success
10 110 20 200 1580 2.779245 success
7 107 20 200 1580 3.509075 success
9 109 20 200 1580 7.906042 success
1 101 20 200 1580 10.014864 success
5 105 20 200 1580 10.634050 success
3 103 20 200 1580 11.586069 success
16 116 20 200 1580 12.388332 success
6 106 20 200 1580 14.818584 success
15 115 20 200 1580 14.939657 success
0 100 20 200 1580 16.396912 success
2 102 20 200 1580 16.728310 success
12 112 20 200 1580 17.223968 success
4 104 20 200 1580 18.708082 success
19 119 20 200 1580 18.462669 success
13 113 20 200 1580 18.540203 success
17 117 20 200 1580 18.814869 success
18 118 20 200 1580 19.024381 success
14 114 20 200 1580 19.203073 success
8 108 20 200 1580 19.447618 success
\n
2 102 20 200 1580 4.358459 success
0 100 20 200 1580 5.426471 success
4 104 20 200 1580 5.928617 success
11 111 20 200 1580 6.097923 success
18 118 20 200 1580 6.429652 success
16 116 20 200 1580 11.429528 success
19 119 20 200 1580 13.789384 success
6 106 20 200 1580 14.524559 success
14 114 20 200 1580 15.132867 success
3 103 20 200 1580 15.752817 success
13 113 20 200 1580 15.510592 success
7 107 20 200 1580 16.879652 success
17 117 20 200 1580 17.352463 success
5 105 20 200 1580 18.093157 success
1 101 20 200 1580 18.237281 success
10 110 20 200 1580 18.431676 success
9 109 20 200 1580 18.718871 success
12 112 20 200 1580 18.756220 success
15 115 20 200 1580 19.250888 success
8 108 20 200 1580 19.487703 success
\n
