4 
6 
0 
1 
18 
15 
16 
9 
7 
2 
27 
3 
12 
20 5 42 
25 19 31 21 
28 
26 
14 29 64 75 
32 33 37 40 8 47 17 13 
35 44 72 45 88 
56 62 46 65 67 70 24 73 48 76 79 80 82 85 87 54 96 98 108 
60 34 10 22 89 90 78 30 105 58 
39 55 66 36 92 93 49 51 53 86 109 113 
69 84 94 11 97 77 101 102 57 107 50 74 112 81 114 116 121 125 131 132 133 144 
61 23 63 111 83 43 52 38 117 119 120 100 123 124 59 126 127 128 68 103 41 135 140 141 142 106 145 146 148 152 153 155 156 160 165 166 185 191 192 
104 110 143 118 91 129 147 130 149 150 151 71 95 154 122 134 157 158 159 99 161 162 163 164 136 137 167 168 169 170 171 172 173 174 175 176 177 178 179 180 181 182 183 184 138 186 187 188 189 190 139 115 193 194 195 196 197 198 199 