0 255
0 1001
0 202
0 207
0 1003
0 1000
0 252
0 404
0 1001
0 250
0 1003
0 1003
0 1006
0 1006
0 255
0 1005
0 1000
0 201
0 255
0 205
0 400
0 201
0 402
0 252
0 203
0 204
0 1003
0 200
0 403
0 203
0 400
0 254
0 204
0 1003
0 1007
0 402
0 1004
255 255
0 1005
0 258
0 1002
0 1005
0 1007
0 1003
0 205
0 1006
0 257
0 201
0 259
0 401
0 402
0 201
0 1006
0 257
0 1002
0 205
0 252
0 1007
0 203
0 205
0 1006
0 401
0 404
0 403
0 251
0 1005
0 253
0 203
0 402
1001 1001
1005 1005
0 403
0 257
0 402
0 1006
0 404
0 258
0 1006
0 402
0 253
0 259
0 254
0 1004
0 403
0 258
0 1000
0 258
0 1009
0 1003
202 202
258 258
403 403
0 200
0 259
0 1000
0 1003
0 1002
0 401
0 1000
0 1004
0 1009
0 259
0 252
0 1005
0 1000
0 1002
0 254
207 207
1002 1002
257 257
200 200
0 259
0 400
0 1000
0 403
0 205
0 402
0 1004
0 404
0 1006
0 1003
0 204
0 258
0 1000
0 205
0 204
0 250
0 258
0 1003
0 401
0 1008
0 251
0 200
0 404
0 1001
0 254
0 256
0 1003
0 203
0 401
0 253
0 259
0 252
0 1006
0 201
0 254
0 200
0 1006
0 402
0 206
0 258
0 1003
0 1001
0 206
0 401
0 200
0 200
0 402
0 203
0 1004
0 404
0 255
1003 1003
1005 1005
402 402
259 259
0 204
0 1002
0 1000
0 258
0 258
0 1001
0 251
0 258
0 1002
0 206
0 403
0 201
1000 1000
1007 1007
259 259
400 400
0 1000
0 1004
0 256
0 259
0 203
0 402
0 252
0 204
0 203
0 255
0 203
0 1001
0 1004
0 1003
0 400
0 1009
0 402
0 206
0 206
0 1006
0 259
0 1004
0 1000
0 255
0 1000
0 1006
0 402
0 255
0 257
0 1000
0 201
0 403
0 402
0 404
0 401
0 1002
0 201
0 1002
252 252
1000 1000
204 204
1000 1000
0 257
0 1002
0 253
0 203
0 253
0 251
0 255
0 403
0 259
0 1005
0 1002
0 254
0 256
0 1002
0 257
0 205
0 1005
403 403
1002 1002
1004 1004
257 257
0 253
0 259
0 203
0 1000
0 256
0 200
0 1005
1003 1003
205 205
1000 1000
256 256
0 1002
0 1004
0 259
0 1004
0 200
0 206
0 1001
0 254
0 1000
0 203
0 1001
0 205
0 1004
0 400
0 252
0 1001
0 1002
0 400
404 404
205 205
1006 1006
259 259
0 204
0 401
0 403
0 250
1000 1000
402 402
1002 1002
253 253
0 1001
0 203
1001 1001
1004 1004
203 203
253 253
0 1001
0 400
0 203
0 1005
0 1007
0 1006
0 1003
0 401
0 402
0 253
0 1000
0 256
0 250
250 250
404 404
1002 1002
1001 1001
0 1007
0 1005
0 400
0 1001
0 250
0 207
0 1004
1003 1003
1006 1006
259 259
1007 1007
0 404
0 402
0 403
0 256
0 252
0 250
0 205
0 1006
1003 1003
404 404
258 258
203 203
0 1001
0 1005
0 1004
0 1003
0 254
0 1004
0 256
0 205
0 255
0 251
0 250
0 1005
0 401
0 401
0 1008
0 256
0 1007
0 258
0 253
0 1008
0 257
402 402
253 253
203 203
204 204
0 201
0 256
0 1005
0 1002
0 1005
0 1003
0 401
0 253
0 404
0 1000
0 206
0 1003
0 1000
0 402
0 404
0 255
0 1001
0 203
0 259
0 1007
1006 1006
1006 1006
252 252
1005 1005
0 251
0 1002
0 402
0 254
0 204
0 1001
0 1005
257 257
1003 1003
400 400
1001 1001
0 1000
0 1006
0 1006
0 403
0 1005
0 1000
0 1000
0 1006
0 1001
0 207
0 254
0 1005
0 1000
0 201
0 1006
0 402
0 1002
0 1000
0 1004
0 201
0 258
0 403
0 250
0 253
0 403
204 204
258 258
1004 1004
201 201
0 1002
0 401
0 205
0 250
0 259
0 1004
0 1006
0 1004
0 1001
0 1006
0 1004
258 258
1003 1003
400 400
1000 1000
0 259
0 1004
0 1002
0 204
0 207
0 1000
0 400
0 207
0 1005
0 254
0 1000
0 1003
1006 1006
258 258
404 404
1005 1005
0 200
0 404
0 1003
0 1004
0 1001
0 403
0 1000
0 206
0 1006
0 204
0 250
1001 1001
203 203
256 256
200 200
0 1000
0 207
0 250
0 1003
1000 1000
259 259
1006 1006
404 404
0 258
1000 1000
204 204
256 256
1006 1006
0 1005
0 1003
0 401
0 205
0 1005
255 255
201 201
1001 1001
403 403
0 1006
0 1001
0 1001
0 259
0 201
0 251
0 1006
0 255
0 207
0 252
0 1003
251 251
402 402
1005 1005
1005 1005
0 1004
0 1005
0 253
0 400
0 402
0 1003
0 1001
0 1005
0 1006
1005 1005
258 258
203 203
1004 1004
0 400
0 257
0 1006
0 1004
0 403
0 1009
0 1001
0 1009
0 1001
0 254
0 1001
0 1004
0 1003
0 404
0 1006
259 259
205 205
401 401
1002 1002
0 1003
0 401
0 206
0 1003
0 256
0 258
0 400
0 1004
0 1001
0 253
1000 1000
255 255
1003 1003
1000 1000
0 206
0 251
0 404
0 259
0 250
0 1009
0 1003
0 1002
401 401
1006 1006
203 203
251 251
0 1001
0 1006
0 200
0 202
201 201
402 402
259 259
206 206
0 207
0 1002
0 401
0 1006
0 258
0 400
0 1000
0 207
0 1003
0 1004
0 252
255 255
1005 1005
1000 1000
1006 1006
0 1006
0 404
0 403
0 1001
0 1000
0 1006
0 1003
204 204
403 403
254 254
1004 1004
0 254
0 204
0 1005
0 250
0 1004
0 1006
0 401
250 250
1004 1004
1000 1000
207 207
0 203
0 1008
0 1002
0 1006
402 402
1004 1004
1003 1003
251 251
0 207
0 1006
0 1002
0 205
0 400
0 1001
1003 1003
251 251
400 400
1003 1003
0 1000
0 254
0 1004
205 205
258 258
1006 1006
203 203
0 205
0 202
0 1002
0 1002
0 1005
0 206
0 255
1001 1001
255 255
1002 1002
401 401
0 252
1003 1003
256 256
1004 1004
1001 1001
0 202
0 258
0 253
1001 1001
206 206
404 404
254 254
0 1004
0 1005
0 1003
0 255
0 1004
0 400
0 1006
253 253
1004 1004
403 403
1004 1004
0 1000
259 259
1005 1005
1003 1003
207 207
0 1002
0 251
0 253
0 1001
0 255
0 254
0 1004
0 1002
0 1005
0 205
0 257
0 250
403 403
205 205
1002 1002
259 259
0 1003
1002 1002
1000 1000
252 252
1002 1002
0 1005
0 254
0 255
0 254
0 1002
0 1005
400 400
201 201
1005 1005
251 251
0 1000
0 257
0 401
0 201
0 1006
0 250
200 200
200 200
401 401
257 257
0 1006
0 206
0 259
0 1003
0 202
255 255
1001 1001
1001 1001
1003 1003
0 250
0 1009
0 1004
0 404
0 1002
0 401
0 404
201 201
401 401
1007 1007
253 253
0 1006
0 251
0 400
0 252
0 1006
1008 1008
206 206
1006 1006
251 251
0 404
0 253
0 1004
1003 1003
253 253
401 401
1005 1005
0 253
0 253
1006 1006
1003 1003
404 404
250 250
0 1000
0 1001
0 1005
207 207
205 205
253 253
1006 1006
0 1002
251 251
400 400
1006 1006
1000 1000
0 1004
0 1004
0 1006
200 200
1001 1001
1002 1002
250 250
0 1002
0 259
0 404
0 206
0 403
250 250
205 205
404 404
1006 1006
0 1003
0 204
0 253
254 254
403 403
1009 1009
1005 1005
0 401
0 255
0 403
0 404
0 402
257 257
207 207
1006 1006
1000 1000
0 251
0 257
1002 1002
404 404
250 250
202 202
0 1001
0 203
0 1005
0 1002
1005 1005
1000 1000
254 254
1001 1001
0 1000
402 402
1009 1009
259 259
1003 1003
0 1005
0 1001
0 203
0 401
402 402
206 206
204 204
256 256
0 1006
1001 1001
259 259
1004 1004
1006 1006
0 1006
0 255
0 257
0 1004
0 1002
401 401
250 250
207 207
1005 1005
0 1000
1001 1001
206 206
258 258
206 206
0 401
0 205
0 200
0 207
0 253
0 404
0 201
0 207
1002 1002
254 254
401 401
1006 1006
0 253
0 1000
0 257
0 204
0 201
401 401
256 256
1003 1003
1005 1005
0 1000
0 258
0 259
205 205
1002 1002
204 204
257 257
0 250
0 256
0 250
0 402
0 401
252 252
1003 1003
1000 1000
401 401
0 252
203 203
1000 1000
254 254
1001 1001
0 200
0 256
1007 1007
1000 1000
400 400
251 251
0 206
0 202
0 258
0 1005
0 259
401 401
1004 1004
255 255
1002 1002
253 253
1005 1005
201 201
1006 1006
0 250
0 203
0 402
0 403
0 1003
0 1001
203 203
403 403
1005 1005
250 250
0 251
0 203
0 1009
0 1006
0 1004
252 252
1002 1002
1008 1008
1003 1003
0 1001
0 1006
203 203
402 402
254 254
1004 1004
0 201
0 1003
0 1001
0 1006
0 1000
0 401
0 1003
0 1004
206 206
402 402
1009 1009
259 259
0 207
0 1002
0 257
0 1002
0 1001
1000 1000
1006 1006
1000 1000
254 254
0 1003
0 207
259 259
404 404
1000 1000
201 201
0 1008
0 257
0 1006
0 402
259 259
206 206
1005 1005
207 207
0 1003
0 255
0 1005
0 1003
0 1006
1004 1004
254 254
1001 1001
403 403
0 1000
0 201
0 1003
0 251
0 258
1004 1004
401 401
254 254
1000 1000
0 400
0 202
205 205
1000 1000
255 255
205 205
0 401
0 257
0 1002
0 259
0 257
403 403
1009 1009
257 257
1003 1003
0 254
259 259
1002 1002
1008 1008
201 201
0 205
0 1002
258 258
1004 1004
203 203
402 402
0 1006
0 1006
0 1005
0 201
0 200
1000 1000
402 402
259 259
1006 1006
0 1001
0 254
0 203
204 204
255 255
1004 1004
1003 1003
0 202
0 250
0 200
0 404
0 404
206 206
1001 1001
255 255
400 400
0 258
0 1000
0 1001
0 1001
0 1006
0 252
1003 1003
256 256
1002 1002
1004 1004
0 1002
0 200
0 1001
0 204
207 207
404 404
258 258
1001 1001
0 1005
0 1002
0 207
0 1005
400 400
202 202
1009 1009
258 258
1000 1000
1006 1006
257 257
1005 1005
0 252
0 401
0 1002
252 252
401 401
200 200
1002 1002
0 252
0 401
0 404
201 201
1001 1001
203 203
257 257
0 253
0 1001
1000 1000
1004 1004
253 253
402 402
252 252
400 400
1001 1001
1003 1003
0 1002
0 1006
0 402
0 254
0 401
200 200
1001 1001
1000 1000
253 253
0 1004
0 1004
1006 1006
1006 1006
250 250
401 401
0 1003
0 259
0 256
0 401
0 253
201 201
1006 1006
250 250
1006 1006
254 254
402 402
207 207
1003 1003
0 1006
401 401
255 255
1000 1000
1002 1002
0 1003
0 1006
1000 1000
255 255
1003 1003
1003 1003
0 201
0 1003
205 205
400 400
1001 1001
256 256
0 1004
1006 1006
1002 1002
1001 1001
252 252
1009 1009
403 403
203 203
255 255
0 254
0 404
0 402
0 204
402 402
201 201
202 202
253 253
0 1005
1001 1001
1004 1004
251 251
1006 1006
0 251
0 252
403 403
200 200
1004 1004
250 250
0 258
0 205
0 256
0 207
0 207
259 259
1008 1008
200 200
206 206
0 401
0 401
0 257
1006 1006
254 254
403 403
1003 1003
401 401
257 257
1006 1006
1004 1004
0 200
203 203
1002 1002
254 254
1006 1006
0 207
0 1003
1006 1006
253 253
1005 1005
402 402
0 1000
0 253
0 1005
250 250
1004 1004
204 204
1004 1004
0 1008
0 253
402 402
207 207
1003 1003
254 254
401 401
1001 1001
253 253
1006 1006
0 401
0 1000
256 256
204 204
1003 1003
1000 1000
0 200
1000 1000
1005 1005
250 250
401 401
1007 1007
1000 1000
1003 1003
258 258
0 204
404 404
251 251
1002 1002
202 202
0 1007
400 400
258 258
205 205
207 207
0 1002
0 1002
1004 1004
258 258
1006 1006
1000 1000
257 257
1002 1002
401 401
1000 1000
0 1000
255 255
203 203
1005 1005
207 207
0 201
259 259
1001 1001
401 401
1002 1002
0 1002
0 253
1000 1000
1004 1004
254 254
404 404
0 256
206 206
250 250
1004 1004
207 207
0 1002
1004 1004
1004 1004
253 253
404 404
0 1005
1006 1006
1000 1000
257 257
205 205
201 201
1005 1005
251 251
401 401
1005 1005
254 254
400 400
1003 1003
0 1000
0 1001
250 250
1000 1000
1002 1002
201 201
0 250
0 256
401 401
1006 1006
204 204
256 256
0 253
0 1005
1006 1006
253 253
1003 1003
1005 1005
252 252
403 403
201 201
1005 1005
0 202
403 403
205 205
203 203
251 251
1006 1006
251 251
1003 1003
1008 1008
258 258
1004 1004
401 401
201 201
1005 1005
1002 1002
259 259
200 200
258 258
1003 1003
400 400
1009 1009
0 207
402 402
1003 1003
252 252
1002 1002
0 251
205 205
258 258
1003 1003
200 200
0 1001
251 251
402 402
1002 1002
1001 1001
1005 1005
1001 1001
250 250
1000 1000
0 400
0 1004
403 403
1001 1001
257 257
203 203
0 1007
1001 1001
255 255
1006 1006
400 400
0 1002
206 206
252 252
1004 1004
1001 1001
254 254
401 401
1006 1006
204 204
0 1001
256 256
1001 1001
1005 1005
1002 1002
205 205
1005 1005
401 401
251 251
206 206
404 404
254 254
207 207
1001 1001
253 253
1002 1002
1003 1003
0 204
404 404
1008 1008
252 252
207 207
0 1005
204 204
1006 1006
258 258
1006 1006
250 250
1002 1002
1006 1006
404 404
0 1004
401 401
1002 1002
1004 1004
253 253
0 204
205 205
252 252
203 203
1000 1000
1001 1001
255 255
1005 1005
402 402
200 200
258 258
1000 1000
1005 1005
200 200
254 254
1005 1005
401 401
0 203
1001 1001
253 253
403 403
1001 1001
203 203
1006 1006
1004 1004
257 257
259 259
1001 1001
200 200
404 404
1000 1000
1002 1002
1005 1005
253 253
1003 1003
402 402
1007 1007
254 254
0 255
400 400
200 200
202 202
255 255
0 1004
1001 1001
253 253
1002 1002
1005 1005
1004 1004
404 404
207 207
257 257
250 250
207 207
1001 1001
200 200
253 253
1003 1003
1002 1002
401 401
1002 1002
256 256
1002 1002
402 402
203 203
202 202
1002 1002
253 253
252 252
404 404
1001 1001
1004 1004
1000 1000
1002 1002
201 201
258 258
1007 1007
252 252
1001 1001
400 400
1006 1006
258 258
404 404
1002 1002
257 257
1005 1005
1006 1006
204 204
402 402
203 203
1006 1006
250 250
1003 1003
1004 1004
252 252
1007 1007
1004 1004
201 201
257 257
404 404
404 404
201 201
256 256
1007 1007
1009 1009
259 259
1005 1005
1002 1002
1003 1003
256 256
401 401
202 202
1003 1003
201 201
253 253
207 207
1004 1004
401 401
1004 1004
256 256
0 1006
255 255
1006 1006
401 401
1004 1004
207 207
1002 1002
204 204
256 256
401 401
1006 1006
257 257
1003 1003
1002 1002
205 205
253 253
1004 1004
402 402
201 201
253 253
1005 1005
255 255
1002 1002
400 400
1001 1001
0 255
1005 1005
1004 1004
206 206
255 255
0 255
403 403
1001 1001
252 252
204 204
1003 1003
1006 1006
1002 1002
259 259
1005 1005
250 250
403 403
200 200
253 253
404 404
1000 1000
203 203
254 254
1006 1006
1006 1006
1006 1006
1004 1004
250 250
202 202
402 402
1005 1005
204 204
204 204
255 255
