0 1
0 2
0 3
0 4
0 5
0 6
0 7
0 10
0 12
0 13
0 14
0 15
0 17
0 21
0 25
0 27
0 29
0 31
0 32
0 37
0 45
0 48
0 60
0 74
0 75
0 87
0 89
0 97
0 108
0 112
0 121
0 148
0 154
0 165
0 175
0 178
0 185
1 0
1 2
1 3
1 4
1 5
1 6
1 9
1 10
1 14
1 18
1 25
1 28
1 30
1 35
1 45
1 51
1 57
1 58
1 67
1 68
1 70
1 73
1 82
1 113
1 116
1 120
1 136
1 143
1 144
1 170
1 172
1 190
2 0
2 1
2 3
2 4
2 5
2 10
2 15
2 20
2 30
2 31
2 41
2 42
2 56
2 80
2 83
2 85
2 102
2 140
2 182
2 183
3 0
3 1
3 2
3 4
3 6
3 11
3 20
3 65
3 66
3 77
3 81
3 105
3 109
3 135
3 139
3 174
3 189
3 197
4 0
4 1
4 2
4 3
4 5
4 6
4 7
4 8
4 9
4 11
4 12
4 13
4 17
4 18
4 19
4 21
4 24
4 28
4 33
4 34
4 37
4 39
4 48
4 49
4 53
4 54
4 58
4 64
4 65
4 66
4 68
4 69
4 71
4 72
4 78
4 93
4 98
4 99
4 100
4 108
4 110
4 115
4 127
4 138
4 140
4 144
4 147
4 148
4 159
4 160
4 165
4 178
4 180
4 181
4 191
5 0
5 1
5 2
5 4
5 7
5 8
5 9
5 15
5 19
5 22
5 26
5 27
5 74
5 88
5 105
5 190
6 0
6 1
6 3
6 4
6 7
6 8
6 9
6 10
6 12
6 16
6 17
6 24
6 27
6 29
6 30
6 38
6 41
6 51
6 53
6 60
6 61
6 64
6 76
6 77
6 79
6 85
6 86
6 87
6 92
6 98
6 100
6 102
6 123
6 126
6 130
6 135
6 143
6 153
6 156
6 171
6 180
6 191
7 0
7 4
7 5
7 6
7 8
7 11
7 12
7 15
7 16
7 30
7 38
7 43
7 60
7 131
7 143
7 160
7 171
7 174
7 180
7 189
7 192
8 4
8 5
8 6
8 7
8 11
8 14
8 16
8 23
8 24
8 46
8 59
9 1
9 4
9 5
9 6
9 13
9 19
9 23
9 34
9 46
9 49
9 62
9 80
9 82
9 85
9 88
9 103
9 108
9 140
9 147
9 152
9 156
9 166
10 0
10 1
10 2
10 6
10 16
10 28
10 41
10 127
11 3
11 4
11 7
11 8
11 40
11 105
12 0
12 4
12 6
12 7
12 13
12 20
12 22
12 45
12 48
12 49
12 50
12 63
12 86
12 113
12 118
12 149
12 155
13 0
13 4
13 9
13 12
13 14
13 17
13 18
13 25
13 58
13 90
13 168
14 0
14 1
14 8
14 13
14 21
14 26
14 33
14 89
14 96
14 114
14 142
14 154
15 0
15 2
15 5
15 7
15 18
15 21
15 27
15 29
15 33
15 35
15 39
15 43
15 47
15 49
15 55
15 72
15 81
15 101
15 109
15 117
15 119
15 121
15 152
15 153
15 177
16 6
16 7
16 8
16 10
16 19
16 22
16 26
16 28
16 32
16 36
16 46
16 50
16 51
16 59
16 61
16 66
16 77
16 85
16 90
16 124
16 146
16 162
16 163
16 165
17 0
17 4
17 6
17 13
17 36
17 43
17 75
17 77
17 117
17 161
17 177
18 1
18 4
18 13
18 15
18 20
18 23
18 24
18 25
18 26
18 29
18 34
18 53
18 54
18 57
18 59
18 66
18 68
18 72
18 92
18 106
18 112
18 119
18 128
18 135
18 142
18 145
18 169
18 190
18 193
19 4
19 5
19 9
19 16
19 38
19 50
19 55
19 63
19 86
19 87
19 104
19 114
19 145
19 176
19 198
20 2
20 3
20 12
20 18
20 31
20 41
20 44
20 61
20 63
20 70
20 96
20 115
20 118
20 131
20 164
20 184
21 0
21 4
21 14
21 15
21 22
21 23
21 35
21 39
21 47
21 56
21 69
21 79
21 86
21 114
21 132
22 5
22 12
22 16
22 21
22 32
22 34
22 144
22 170
23 8
23 9
23 18
23 21
23 176
24 4
24 6
24 8
24 18
24 50
24 119
24 133
24 157
24 195
25 0
25 1
25 13
25 18
25 32
25 39
25 47
25 62
25 94
25 120
25 133
25 146
25 169
25 173
25 179
26 5
26 14
26 16
26 18
26 33
26 42
26 48
26 70
26 76
26 87
26 97
26 113
26 146
27 0
27 5
27 6
27 15
27 36
27 46
27 57
27 62
27 73
27 76
27 80
27 83
27 107
27 112
27 116
27 128
27 142
27 176
27 197
28 1
28 4
28 10
28 16
28 36
28 38
28 40
28 42
28 61
28 64
28 103
28 127
28 158
28 196
29 0
29 6
29 15
29 18
29 31
29 35
29 40
29 43
29 51
29 56
29 60
29 67
30 1
30 2
30 6
30 7
30 96
30 99
30 109
30 172
31 0
31 2
31 20
31 29
31 42
31 54
31 65
31 72
31 90
31 91
31 95
31 100
31 115
31 122
31 157
32 0
32 16
32 22
32 25
32 37
32 55
32 80
32 94
32 97
32 134
32 194
33 4
33 14
33 15
33 26
33 40
33 67
33 79
33 99
33 147
33 162
33 188
34 4
34 9
34 18
34 22
34 37
34 74
34 89
34 188
35 1
35 15
35 21
35 29
35 52
35 55
35 104
35 121
35 191
35 193
36 16
36 17
36 27
36 28
36 44
36 75
36 192
37 0
37 4
37 32
37 34
37 52
37 91
37 120
37 123
37 130
37 151
37 186
38 6
38 7
38 19
38 28
38 44
39 4
39 15
39 21
39 25
39 58
39 159
39 161
40 11
40 28
40 29
40 33
40 71
40 73
40 74
40 88
40 95
40 146
40 194
41 2
41 6
41 10
41 20
41 132
42 2
42 26
42 28
42 31
42 44
42 45
42 52
42 59
42 71
42 81
42 126
42 132
42 135
42 136
42 145
42 195
43 7
43 15
43 17
43 29
43 47
44 20
44 36
44 38
44 42
44 56
44 69
44 82
44 110
44 155
44 160
45 0
45 1
45 12
45 42
45 57
45 67
45 93
45 106
45 129
45 198
46 8
46 9
46 16
46 27
46 52
46 64
46 84
46 102
46 198
47 15
47 21
47 25
47 43
47 54
47 91
47 107
47 151
47 164
47 185
47 196
48 0
48 4
48 12
48 26
48 62
48 130
48 131
48 153
48 186
49 4
49 9
49 12
49 15
49 78
49 128
49 162
50 12
50 16
50 19
50 24
50 97
50 116
51 1
51 6
51 16
51 29
51 53
51 103
51 199
52 35
52 37
52 42
52 46
52 172
53 4
53 6
53 18
53 51
53 75
53 89
53 155
54 4
54 18
54 31
54 47
54 71
54 76
54 128
54 192
54 195
55 15
55 19
55 32
55 35
55 117
55 133
55 134
56 2
56 21
56 29
56 44
56 111
56 158
56 161
56 173
56 198
57 1
57 18
57 27
57 45
57 70
57 83
58 1
58 4
58 13
58 39
58 149
58 157
58 164
58 170
59 8
59 16
59 18
59 42
59 196
60 0
60 6
60 7
60 29
60 63
60 69
60 136
60 160
61 6
61 16
61 20
61 28
61 177
62 9
62 25
62 27
62 48
62 65
62 101
62 111
62 114
62 194
63 12
63 19
63 20
63 60
63 78
64 4
64 6
64 28
64 46
64 68
64 82
64 93
64 127
64 164
64 168
64 174
64 187
65 3
65 4
65 31
65 62
65 95
65 129
65 162
65 177
65 184
66 3
66 4
66 16
66 18
66 101
66 122
66 125
67 1
67 29
67 33
67 45
67 98
67 103
67 108
67 141
67 170
68 1
68 4
68 18
68 64
68 175
69 4
69 21
69 44
69 60
69 166
69 183
70 1
70 20
70 26
70 57
70 109
70 120
70 154
70 158
70 194
71 4
71 40
71 42
71 54
72 4
72 15
72 18
72 31
72 73
72 94
72 95
72 110
72 141
72 169
73 1
73 27
73 40
73 72
73 107
73 124
73 140
73 154
73 156
74 0
74 5
74 34
74 40
74 90
74 122
75 0
75 17
75 36
75 53
75 78
75 83
75 104
75 111
75 117
75 123
75 131
75 179
76 6
76 26
76 27
76 54
76 79
76 84
76 92
76 152
76 173
77 3
77 6
77 16
77 17
77 100
77 121
78 4
78 49
78 63
78 75
78 84
78 94
78 99
78 113
79 6
79 21
79 33
79 76
79 96
79 105
79 124
79 134
79 137
80 2
80 9
80 27
80 32
80 81
80 84
80 102
80 137
80 174
81 3
81 15
81 42
81 80
81 88
81 166
82 1
82 9
82 44
82 64
82 98
82 129
82 139
82 182
82 188
83 2
83 27
83 57
83 75
83 151
84 46
84 76
84 78
84 80
84 150
84 171
85 2
85 6
85 9
85 16
85 112
85 116
85 134
85 181
85 195
86 6
86 12
86 19
86 21
86 125
86 126
86 145
87 0
87 6
87 19
87 26
87 106
87 118
87 142
87 155
87 180
88 5
88 9
88 40
88 81
88 91
88 123
88 143
88 163
88 178
88 179
89 0
89 14
89 34
89 53
89 101
89 163
89 167
89 199
90 13
90 16
90 31
90 74
90 92
90 93
90 124
90 150
91 31
91 37
91 47
91 88
92 6
92 18
92 76
92 90
92 141
92 150
92 187
93 4
93 45
93 64
93 90
93 104
93 125
93 163
94 25
94 32
94 72
94 78
94 106
94 147
95 31
95 40
95 65
95 72
96 14
96 20
96 30
96 79
96 125
96 148
96 158
96 165
96 186
97 0
97 26
97 32
97 50
97 111
97 185
98 4
98 6
98 67
98 82
98 110
98 139
98 181
98 183
98 184
99 4
99 30
99 33
99 78
100 4
100 6
100 31
100 77
100 107
101 15
101 62
101 66
101 89
101 137
101 197
102 2
102 6
102 46
102 80
102 132
102 152
103 9
103 28
103 51
103 67
103 138
104 19
104 35
104 75
104 93
105 3
105 5
105 11
105 79
105 115
105 126
105 171
105 187
106 18
106 45
106 87
106 94
106 149
107 27
107 47
107 73
107 100
107 136
107 193
108 0
108 4
108 9
108 67
108 119
108 129
108 133
108 168
108 184
109 3
109 15
109 30
109 70
109 118
109 130
109 168
110 4
110 44
110 72
110 98
111 56
111 62
111 75
111 97
111 139
112 0
112 18
112 27
112 85
112 151
112 188
113 1
113 12
113 26
113 78
113 122
113 167
113 182
114 14
114 19
114 21
114 62
114 137
114 189
115 4
115 20
115 31
115 105
116 1
116 27
116 50
116 85
116 138
116 159
117 15
117 17
117 55
117 75
117 169
118 12
118 20
118 87
118 109
119 15
119 18
119 24
119 108
119 148
120 1
120 25
120 37
120 70
120 181
121 0
121 15
121 35
121 77
121 149
121 176
122 31
122 66
122 74
122 113
123 6
123 37
123 75
123 88
123 144
124 16
124 73
124 79
124 90
124 138
125 66
125 86
125 93
125 96
125 167
125 172
126 6
126 42
126 86
126 105
126 185
127 4
127 10
127 28
127 64
127 141
128 18
128 27
128 49
128 54
128 167
129 45
129 65
129 82
129 108
130 6
130 37
130 48
130 109
131 7
131 20
131 48
131 75
131 157
131 191
132 21
132 41
132 42
132 102
132 178
132 187
133 24
133 25
133 55
133 108
133 156
133 190
134 32
134 55
134 79
134 85
135 3
135 6
135 18
135 42
135 183
136 1
136 42
136 60
136 107
137 79
137 80
137 101
137 114
138 4
138 103
138 116
138 124
139 3
139 82
139 98
139 111
140 2
140 4
140 9
140 73
140 153
141 67
141 72
141 92
141 127
141 150
142 14
142 18
142 27
142 87
142 175
143 1
143 6
143 7
143 88
144 1
144 4
144 22
144 123
144 175
144 186
145 18
145 19
145 42
145 86
145 179
146 16
146 25
146 26
146 40
146 182
147 4
147 9
147 33
147 94
148 0
148 4
148 96
148 119
148 161
149 12
149 58
149 106
149 121
150 84
150 90
150 92
150 141
151 37
151 47
151 83
151 112
152 9
152 15
152 76
152 102
152 199
153 6
153 15
153 48
153 140
153 159
154 0
154 14
154 70
154 73
155 12
155 44
155 53
155 87
155 189
156 6
156 9
156 73
156 133
156 193
157 24
157 31
157 58
157 131
158 28
158 56
158 70
158 96
159 4
159 39
159 116
159 153
160 4
160 7
160 44
160 60
160 196
161 17
161 39
161 56
161 148
162 16
162 33
162 49
162 65
163 16
163 88
163 89
163 93
164 20
164 47
164 58
164 64
165 0
165 4
165 16
165 96
165 166
166 9
166 69
166 81
166 165
166 173
167 89
167 113
167 125
167 128
168 13
168 64
168 108
168 109
169 18
169 25
169 72
169 117
170 1
170 22
170 58
170 67
171 6
171 7
171 84
171 105
172 1
172 30
172 52
172 125
173 25
173 56
173 76
173 166
174 3
174 7
174 64
174 80
175 0
175 68
175 142
175 144
176 19
176 23
176 27
176 121
177 15
177 17
177 61
177 65
178 0
178 4
178 88
178 132
179 25
179 75
179 88
179 145
180 4
180 6
180 7
180 87
181 4
181 85
181 98
181 120
182 2
182 82
182 113
182 146
183 2
183 69
183 98
183 135
184 20
184 65
184 98
184 108
185 0
185 47
185 97
185 126
185 197
186 37
186 48
186 96
186 144
187 64
187 92
187 105
187 132
188 33
188 34
188 82
188 112
189 3
189 7
189 114
189 155
190 1
190 5
190 18
190 133
191 4
191 6
191 35
191 131
191 192
192 7
192 36
192 54
192 191
192 199
193 18
193 35
193 107
193 156
194 32
194 40
194 62
194 70
195 24
195 42
195 54
195 85
196 28
196 47
196 59
196 160
197 3
197 27
197 101
197 185
198 19
198 45
198 46
198 56
199 51
199 89
199 152
199 192
