250.00 0 195
250.00 1 190
250.00 1 185
250.00 2 180
250.00 2 175
250.00 3 170
250.00 3 165
250.00 4 160
250.00 4 155
250.00 5 150
250.00 5 145
250.00 6 140
250.00 6 135
250.00 7 130
250.00 7 125
250.00 9 110
250.00 9 105
250.00 10 95
250.00 11 90
250.00 12 80
250.00 12 75
250.00 13 70
250.00 13 65
250.00 14 55
250.00 15 50
250.00 15 45
250.00 18 20
500.00 0 195
500.00 1 190
500.00 1 185
500.00 2 180
500.00 2 175
500.00 4 160
500.00 4 155
500.00 5 150
500.00 5 145
500.00 6 140
500.00 6 135
500.00 7 125
500.00 9 110
500.00 11 90
500.00 12 75
500.00 15 50
500.00 18 20
1000.00 0 195
1000.00 1 190
1000.00 1 185
1000.00 2 180
1000.00 2 175
250.00 0 195
250.00 1 190
250.00 1 185
250.00 2 180
250.00 2 175
250.00 3 170
250.00 3 165
250.00 4 160
250.00 4 155
250.00 5 150
250.00 5 145
250.00 6 140
250.00 6 135
250.00 7 130
250.00 7 125
250.00 9 110
250.00 9 105
250.00 10 95
250.00 11 90
250.00 12 80
250.00 12 75
250.00 13 70
250.00 13 65
250.00 14 55
250.00 15 50
250.00 15 45
250.00 18 20
500.00 0 195
500.00 1 190
500.00 1 185
500.00 2 180
500.00 2 175
500.00 4 160
500.00 4 155
500.00 5 150
500.00 5 145
500.00 6 140
500.00 6 135
500.00 7 125
500.00 9 110
500.00 11 90
500.00 12 75
500.00 15 50
500.00 18 20
1000.00 0 195
1000.00 1 190
1000.00 1 185
1000.00 2 180
1000.00 2 175
1000.00 4 160
1000.00 4 155
1000.00 5 150
1000.00 6 140
1000.00 9 110
1000.00 11 90
1000.00 12 75
1000.00 15 50
1000.00 18 20
2000.00 4 155
200.00 0 100
200.00 0 100
200.00 0 100
200.00 0 100
200.00 0 100
200.00 0 100
200.00 0 100
200.00 0 100
200.00 0 100
200.00 0 100
200.00 0 100
200.00 0 100
800.00 0 100
200.00 0 100
200.00 0 100
800.00 0 100
250.00 1 190
250.00 2 180
250.00 3 170
250.00 4 160
250.00 5 150
250.00 6 140
250.00 7 130
250.00 9 110
250.00 11 90
250.00 12 80
250.00 13 70
500.00 1 190
500.00 2 180
500.00 4 160
500.00 5 150
500.00 6 140
500.00 9 110
500.00 11 90
1000.00 1 190
1000.00 2 180
1000.00 4 160
1000.00 5 150
1000.00 6 140
1000.00 9 110
1000.00 11 90
250.00 0 195
250.00 1 190
250.00 1 185
250.00 2 180
250.00 2 175
250.00 3 170
250.00 3 165
250.00 4 160
250.00 4 155
250.00 5 150
250.00 5 145
250.00 6 140
250.00 6 135
250.00 7 130
250.00 7 125
250.00 9 110
250.00 9 105
250.00 10 95
250.00 11 90
250.00 12 80
250.00 12 75
250.00 13 70
250.00 13 65
250.00 14 55
250.00 15 50
250.00 15 45
250.00 18 20
500.00 0 195
500.00 1 190
500.00 1 185
500.00 2 180
500.00 2 175
500.00 4 160
500.00 4 155
500.00 5 150
500.00 5 145
500.00 6 140
500.00 6 135
500.00 7 125
500.00 9 110
500.00 11 90
500.00 12 75
500.00 15 50
500.00 18 20
1000.00 0 195
1000.00 1 190
1000.00 1 185
1000.00 2 180
1000.00 2 175
1000.00 4 160
1000.00 4 155
1000.00 5 150
1000.00 6 140
1000.00 9 110
1000.00 11 90
1000.00 12 75
1000.00 15 50
1000.00 18 20
2000.00 4 155
250.00 1 190
250.00 2 180
250.00 3 170
250.00 4 160
250.00 5 150
250.00 6 140
250.00 7 130
250.00 9 110
250.00 11 90
250.00 12 80
250.00 13 70
500.00 1 190
500.00 2 180
500.00 4 160
500.00 5 150
500.00 6 140
500.00 9 110
500.00 11 90
1000.00 1 190
1000.00 2 180
1000.00 4 160
1000.00 5 150
1000.00 6 140
1000.00 9 110
1000.00 11 90
40.00 0 1
40.00 0 2
40.00 0 3
40.00 0 4
40.00 0 5
40.00 0 6
40.00 0 7
40.00 0 8
40.00 0 9
40.00 0 10
40.00 0 11
40.00 0 12
40.00 0 13
40.00 0 14
40.00 0 15
40.00 0 16
40.00 0 17
40.00 0 18
40.00 0 19
40.00 0 20
40.00 0 21
40.00 0 22
40.00 0 23
40.00 0 24
40.00 0 25
40.00 0 26
40.00 0 27
40.00 0 28
40.00 0 29
40.00 0 30
40.00 0 31
40.00 0 32
40.00 0 33
40.00 0 34
40.00 0 35
40.00 0 36
40.00 0 37
40.00 0 38
40.00 0 39
40.00 0 40
40.00 0 41
40.00 0 42
40.00 0 43
40.00 0 44
40.00 0 45
40.00 0 46
40.00 0 47
40.00 0 48
40.00 0 49
40.00 0 50
40.00 0 51
40.00 0 52
40.00 0 53
40.00 0 54
40.00 0 55
40.00 0 1
40.00 0 2
40.00 0 3
40.00 0 4
40.00 0 5
40.00 0 6
40.00 0 7
40.00 0 8
40.00 0 9
40.00 0 10
40.00 0 11
40.00 0 12
40.00 0 13
40.00 0 14
40.00 0 15
40.00 0 16
40.00 0 17
40.00 0 18
40.00 0 19
40.00 0 20
40.00 0 21
40.00 0 22
40.00 0 23
40.00 0 24
40.00 0 25
40.00 0 26
40.00 0 27
40.00 0 28
40.00 0 29
40.00 0 30
40.00 0 31
40.00 0 32
40.00 0 33
40.00 0 34
40.00 0 35
40.00 0 36
40.00 0 37
40.00 0 38
40.00 0 39
40.00 0 40
40.00 0 41
40.00 0 42
40.00 0 43
40.00 0 44
40.00 0 45
40.00 0 46
40.00 0 47
40.00 0 48
40.00 0 49
40.00 0 50
40.00 0 51
40.00 0 52
40.00 0 53
40.00 0 54
40.00 0 55
40.00 0 1
40.00 0 2
40.00 0 3
40.00 0 4
40.00 0 5
40.00 0 6
40.00 0 7
40.00 0 8
40.00 0 9
40.00 0 10
40.00 0 11
40.00 0 12
40.00 0 13
40.00 0 14
40.00 0 15
40.00 0 16
40.00 0 17
40.00 0 18
40.00 0 19
40.00 0 20
40.00 0 21
40.00 0 22
40.00 0 23
40.00 0 24
40.00 0 25
40.00 0 26
40.00 0 27
40.00 0 28
40.00 0 29
40.00 0 30
40.00 0 31
40.00 0 32
40.00 0 33
40.00 0 34
40.00 0 35
40.00 0 36
40.00 0 37
40.00 0 38
40.00 0 39
40.00 0 40
40.00 0 41
40.00 0 42
40.00 0 43
40.00 0 44
40.00 0 45
40.00 0 46
40.00 0 47
40.00 0 48
40.00 0 49
40.00 0 50
40.00 0 51
40.00 0 52
40.00 0 53
40.00 0 54
40.00 0 55
40.00 0 1
40.00 0 2
40.00 0 3
40.00 0 4
40.00 0 5
40.00 0 6
40.00 0 7
40.00 0 8
40.00 0 9
40.00 0 10
40.00 0 11
40.00 0 12
40.00 0 13
40.00 0 14
40.00 0 15
40.00 0 16
40.00 0 17
40.00 0 18
40.00 0 19
40.00 0 20
40.00 0 21
40.00 0 22
40.00 0 23
40.00 0 24
40.00 0 25
40.00 0 26
40.00 0 27
40.00 0 28
40.00 0 29
40.00 0 30
40.00 0 31
40.00 0 32
40.00 0 33
40.00 0 34
40.00 0 35
40.00 0 36
40.00 0 37
40.00 0 38
40.00 0 39
40.00 0 40
40.00 0 41
40.00 0 42
40.00 0 43
40.00 0 44
40.00 0 45
40.00 0 46
40.00 0 47
40.00 0 48
40.00 0 49
40.00 0 50
40.00 0 51
40.00 0 52
40.00 0 53
40.00 0 54
40.00 0 55
40.00 17 183
40.00 17 183
40.00 9 109
40.00 7 107
40.00 4 104
40.00 6 106
40.00 5 105
40.00 1 101
40.00 0 100
40.00 2 102
40.00 3 103
40.00 7 107
40.00 9 109
40.00 4 104
40.00 3 103
40.00 6 106
40.00 5 105
40.00 1 101
40.00 0 100
40.00 2 102
40.00 6 106
40.00 5 105
40.00 3 103
40.00 7 107
40.00 9 109
40.00 0 100
40.00 1 101
40.00 4 104
40.00 2 102
40.00 7 107
40.00 9 109
40.00 6 106
40.00 1 101
40.00 3 103
40.00 2 102
40.00 5 105
40.00 0 100
40.00 4 104
40.00 9 109
40.00 7 107
40.00 5 105
40.00 2 102
40.00 3 103
40.00 4 104
40.00 17 117
40.00 6 106
40.00 13 113
40.00 18 118
40.00 10 110
40.00 14 114
40.00 12 112
40.00 16 116
40.00 9 109
40.00 15 115
40.00 7 107
40.00 5 105
40.00 4 104
40.00 1 101
40.00 3 103
40.00 2 102
40.00 19 119
40.00 18 118
40.00 17 117
40.00 16 116
40.00 15 115
40.00 14 114
40.00 13 113
40.00 12 112
40.00 11 111
40.00 10 110
40.00 9 109
40.00 8 108
40.00 7 107
40.00 6 106
40.00 5 105
40.00 4 104
40.00 3 103
40.00 2 102
40.00 1 101
40.00 0 100
40.00 19 119
40.00 17 117
40.00 18 118
40.00 16 116
40.00 12 112
40.00 15 115
40.00 9 109
40.00 14 114
40.00 13 113
40.00 3 103
40.00 2 102
40.00 7 107
40.00 11 111
40.00 10 110
40.00 1 101
40.00 8 108
40.00 5 105
40.00 0 100
40.00 4 104
40.00 6 106
40.00 19 119
40.00 18 118
40.00 17 117
40.00 16 116
40.00 15 115
40.00 13 113
40.00 9 109
40.00 14 114
40.00 12 112
40.00 11 111
40.00 10 110
40.00 8 108
40.00 5 105
40.00 7 107
40.00 4 104
40.00 1 101
40.00 0 100
40.00 6 106
40.00 3 103
40.00 2 102
40.00 6 106
40.00 8 108
40.00 4 104
40.00 7 107
40.00 5 105
40.00 3 103
40.00 0 100
40.00 1 101
40.00 2 102
40.00 2 102
40.00 1 101
40.00 21 121
40.00 22 122
40.00 17 117
40.00 18 118
40.00 15 115
40.00 14 114
40.00 13 113
40.00 11 111
40.00 12 112
40.00 9 109
40.00 10 110
40.00 8 108
40.00 4 104
40.00 1 101
40.00 2 102
40.00 6 106
40.00 7 107
40.00 5 105
40.00 3 103
40.00 0 100
40.00 19 119
40.00 18 118
40.00 16 116
40.00 17 117
40.00 11 111
40.00 14 114
40.00 15 115
40.00 13 113
40.00 10 110
40.00 8 108
40.00 12 112
40.00 9 109
40.00 0 100
40.00 7 107
40.00 6 106
40.00 2 102
40.00 5 105
40.00 1 101
40.00 4 104
40.00 3 103
40.00 18 118
40.00 19 119
40.00 17 117
40.00 16 116
40.00 15 115
40.00 14 114
40.00 13 113
40.00 12 112
40.00 10 110
40.00 11 111
40.00 8 108
40.00 9 109
40.00 7 107
40.00 6 106
40.00 4 104
40.00 5 105
40.00 3 103
40.00 2 102
40.00 1 101
40.00 0 100
40.00 19 119
40.00 18 118
40.00 16 116
40.00 17 117
40.00 15 115
40.00 14 114
40.00 13 113
40.00 12 112
40.00 11 111
40.00 10 110
40.00 9 109
40.00 7 107
40.00 8 108
40.00 6 106
40.00 5 105
40.00 0 100
40.00 1 101
40.00 2 102
40.00 4 104
40.00 3 103
40.00 24 124
40.00 21 121
40.00 22 122
40.00 20 120
40.00 19 119
40.00 17 117
40.00 16 116
40.00 14 114
40.00 15 115
40.00 13 113
40.00 12 112
40.00 10 110
40.00 11 111
40.00 9 109
40.00 8 108
40.00 2 102
40.00 5 105
40.00 3 103
40.00 7 107
40.00 0 100
40.00 6 106
40.00 1 101
40.00 4 104
40.00 24 124
40.00 22 122
40.00 21 121
40.00 20 120
40.00 19 119
40.00 18 118
40.00 17 117
40.00 16 116
40.00 15 115
40.00 14 114
40.00 13 113
40.00 12 112
40.00 11 111
40.00 10 110
40.00 9 109
40.00 8 108
40.00 7 107
40.00 6 106
40.00 5 105
40.00 4 104
40.00 3 103
40.00 2 102
40.00 1 101
40.00 0 100
20.00 24 124
20.00 22 122
20.00 21 121
20.00 20 120
20.00 19 119
20.00 18 118
20.00 17 117
20.00 16 116
20.00 15 115
20.00 14 114
20.00 13 113
20.00 12 112
20.00 11 111
20.00 10 110
20.00 9 109
20.00 8 108
20.00 7 107
20.00 6 106
20.00 5 105
20.00 4 104
20.00 3 103
20.00 2 102
20.00 1 101
20.00 0 100
20.00 19 119
20.00 18 118
20.00 16 116
20.00 15 115
20.00 17 117
20.00 13 113
20.00 14 114
20.00 10 110
20.00 12 112
20.00 5 105
20.00 11 111
20.00 2 102
20.00 0 100
20.00 1 101
20.00 9 109
20.00 7 107
20.00 8 108
20.00 6 106
20.00 3 103
20.00 4 104
20.00 11 111
20.00 17 117
20.00 15 115
20.00 19 119
20.00 18 118
20.00 12 112
20.00 14 114
20.00 13 113
20.00 16 116
20.00 7 107
20.00 9 109
20.00 4 104
20.00 8 108
20.00 10 110
20.00 6 106
20.00 5 105
20.00 3 103
20.00 1 101
20.00 0 100
20.00 2 102
20.00 19 119
20.00 18 118
20.00 16 116
20.00 17 117
20.00 14 114
20.00 10 110
20.00 13 113
20.00 15 115
20.00 6 106
20.00 8 108
20.00 12 112
20.00 9 109
20.00 11 111
20.00 4 104
20.00 7 107
20.00 5 105
20.00 3 103
20.00 2 102
20.00 1 101
20.00 0 100
